A <- c(0,1)
B<- c(2,3)
